1.1322 90748.1 133.993 8.6539e-15
1.1322 90748.1 133.993 0
1.1322 90748.1 133.993 -9.92728e-15
1.1322 90748.1 133.993 1.20932e-14
1.1322 90748.1 133.993 8.27221e-15
1.1322 90748.1 133.993 -4.35886e-15
1.1322 90748.1 133.993 1.68926e-14
1.08235 84760.6 109.56 2.04908
0.852553 62323.6 113.715 17.852
1.16868 95196 121.334 -3.36976
1.41105 119696 89.8943 3.41221
1.1322 90748.1 133.993 -5.04983e-15
1.1322 90748.1 133.993 0
1.1322 90748.1 133.993 0
1.1322 90748.1 133.993 6.32688e-14
1.1322 90748.1 133.993 -5.72637e-15
1.1322 90748.1 133.993 1.2124e-14
1.1322 90748.1 133.993 -4.54014e-14
1.1322 90748.1 133.993 -9.11207e-15
1.1322 90748.1 133.993 0
1.1322 90748.1 133.993 1.28041e-14
1.1322 90748.1 133.993 8.7741e-15
1.1322 90748.1 133.993 0
1.1322 90748.1 133.993 -1.09209e-14
1.1322 90748.1 133.993 9.74665e-15
1.1322 90748.1 133.993 4.64561e-14
1.1322 90748.1 133.993 -1.03846e-14
1.1322 90748.1 133.993 1.29848e-14
1.1322 90748.1 133.993 -3.08516e-15
1.1322 90748.1 133.993 8.91058e-15
1.1322 90748.1 133.993 0
1.1322 90748.1 133.993 6.09946e-15
1.1322 90748.1 133.993 6.61869e-14
1.1322 90748.1 133.993 -4.54652e-14
1.1322 90748.1 133.993 -2.02496e-14
1.1322 90748.1 133.993 0
1.1322 90748.1 133.993 -1.85173e-14
1.1322 90748.1 133.993 -2.47363e-14
1.1322 90748.1 133.993 2.68674e-14
1.1322 90748.1 133.993 6.44653e-14
1.1322 90748.1 133.993 -4.39802e-14
1.1322 90748.1 133.993 -2.63366e-14
1.1322 90748.1 133.993 3.67955e-14
1.1322 90748.1 133.993 5.08304e-15
1.1322 90748.1 133.993 0
1.1322 90748.1 133.993 1.20789e-14
1.1322 90748.1 133.993 1.63093e-14
1.1322 90748.1 133.993 -5.16732e-15
1.1322 90748.1 133.993 -1.80564e-14
1.1322 90748.1 133.993 0
1.1322 90748.1 133.993 0
1.1322 90748.1 133.993 -8.51534e-15
1.1322 90748.1 133.993 4.89204e-14
1.1322 90748.1 133.993 4.74886e-14
1.1322 90748.1 133.993 -2.83332e-14
1.1322 90748.1 133.993 -5.12536e-14
1.1322 90748.1 133.993 0
1.1322 90748.1 133.993 0
1.1322 90748.1 133.993 0
1.1322 90748.1 133.993 3.49903e-14
1.1322 90748.1 133.993 -2.09764e-14
1.1322 90748.1 133.993 0
1.1322 90748.1 133.993 0
1.1322 90748.1 133.993 1.8741e-14
1.1322 90748.1 133.993 4.60707e-16
1.1322 90748.1 133.993 -1.37631e-14
1.1322 90748.1 133.993 3.32309e-14
1.1322 90748.1 133.993 3.60375e-14
1.1322 90748.1 133.993 6.19515e-15
1.1322 90748.1 133.993 3.40916e-14
1.1322 90748.1 133.993 3.51209e-14
1.1322 90748.1 133.993 -7.45832e-15
1.1322 90748.1 133.993 -7.89255e-15
1.1322 90748.1 133.993 7.46273e-15
1.1322 90748.1 133.993 0
1.1322 90748.1 133.993 -9.33093e-15
1.1322 90748.1 133.993 0
1.1322 90748.1 133.993 -7.97653e-15
1.1322 90748.1 133.993 -9.32452e-15
1.1322 90748.1 133.993 0
1.1322 90748.1 133.993 3.71658e-14
1.1322 90748.1 133.993 -1.82467e-14
1.1322 90748.1 133.993 0
1.1322 90748.1 133.993 3.95021e-14
1.1322 90748.1 133.993 1.55542e-15
1.1322 90748.1 133.993 1.21645e-14
1.1322 90748.1 133.993 2.80852e-14
1.1322 90748.1 133.993 0
1.1322 90748.1 133.993 3.65643e-14
1.1322 90748.1 133.993 0
1.1322 90748.1 133.993 -1.46349e-14
1.1322 90748.1 133.993 0
1.1322 90748.1 133.993 -1.06009e-14
1.1322 90748.1 133.993 3.70996e-14
1.1322 90748.1 133.993 -1.44077e-14
1.1322 90748.1 133.993 -1.43502e-14
1.1322 90748.1 133.993 4.90288e-14
1.1322 90748.1 133.993 -1.59029e-14
1.1322 90748.1 133.993 3.92627e-14
1.1322 90748.1 133.993 3.59524e-14
1.1322 90748.1 133.993 -8.08696e-15
1.1322 90748.1 133.993 -1.82694e-14
1.1322 90748.1 133.993 3.56459e-14
1.1322 90748.1 133.993 -1.30766e-14
1.1322 90748.1 133.993 -1.88449e-14
1.1322 90748.1 133.993 -7.67975e-15
1.1322 90748.1 133.993 3.02558e-14
1.1322 90748.1 133.993 -1.76115e-14
1.1322 90748.1 133.993 2.87619e-14
1.1322 90748.1 133.993 0
1.1322 90748.1 133.993 -1.19239e-14
1.1322 90748.1 133.993 -1.62891e-14
1.1322 90748.1 133.993 9.00784e-15
1.1322 90748.1 133.993 0
1.1322 90748.1 133.993 1.68635e-14
1.1322 90748.1 133.993 1.06009e-14
1.1322 90748.1 133.993 -1.36158e-14
1.1322 90748.1 133.993 -1.55496e-14
1.1322 90748.1 133.993 3.72406e-14
1.1322 90748.1 133.993 3.65643e-14
1.1322 90748.1 133.993 0
1.1322 90748.1 133.993 5.6251e-15
1.1322 90748.1 133.993 -6.95116e-15
1.1322 90748.1 133.993 7.70361e-15
1.1322 90748.1 133.993 1.21655e-14
1.1322 90748.1 133.993 3.74867e-14
1.1322 90748.1 133.993 -6.84571e-15
1.1322 90748.1 133.993 1.48663e-14
1.1322 90748.1 133.993 3.5827e-14
1.1322 90748.1 133.993 -1.49192e-14
1.1322 90748.1 133.993 9.67149e-15
1.1322 90748.1 133.993 4.07256e-14
1.1322 90748.1 133.993 0
1.1322 90748.1 133.993 3.48192e-14
1.1322 90748.1 133.993 1.32068e-14
1.1322 90748.1 133.993 -9.29258e-15
1.1322 90748.1 133.993 -7.55881e-15
1.1322 90748.1 133.993 2.55425e-14
1.1322 90748.1 133.993 7.5759e-15
1.1322 90748.1 133.993 0
1.1322 90748.1 133.993 -1.78765e-14
1.1322 90748.1 133.993 2.28462e-14
1.1322 90748.1 133.993 1.11825e-14
1.1322 90748.1 133.993 2.00396e-14
1.1322 90748.1 133.993 -1.94358e-14
1.1322 90748.1 133.993 -1.82621e-14
1.1322 90748.1 133.993 -1.45866e-14
1.1322 90748.1 133.993 3.4455e-14
1.1322 90748.1 133.993 2.39382e-14
1.1322 90748.1 133.993 -7.68876e-16
1.1322 90748.1 133.993 3.74741e-14
1.1322 90748.1 133.993 -1.55334e-14
1.1322 90748.1 133.993 2.74955e-14
1.1322 90748.1 133.993 2.94557e-14
1.1322 90748.1 133.993 3.8844e-14
1.1322 90748.1 133.993 3.64842e-14
1.1322 90748.1 133.993 -3.61604e-14
1.1322 90748.1 133.993 3.96641e-14
1.1322 90748.1 133.993 0
1.1322 90748.1 133.993 3.16549e-14
1.1322 90748.1 133.993 -1.57772e-30
1.1322 90748.1 133.993 0
1.1322 90748.1 133.993 3.59111e-14
1.1322 90748.1 133.993 1.41497e-14
1.1322 90748.1 133.993 -3.73499e-14
1.1322 90748.1 133.993 -3.2563e-14
1.1322 90748.1 133.993 -1.26057e-14
1.1322 90748.1 133.993 1.16725e-14
1.1322 90748.1 133.993 -1.74885e-14
1.1322 90748.1 133.993 -3.76144e-14
1.1322 90748.1 133.993 0
1.1322 90748.1 133.993 0
1.1322 90748.1 133.993 9.49193e-15
1.1322 90748.1 133.993 -3.37414e-14
1.1322 90748.1 133.993 -2.12998e-14
1.1322 90748.1 133.993 -3.6447e-14
1.1322 90748.1 133.993 2.78801e-15
1.1322 90748.1 133.993 2.28911e-14
1.1322 90748.1 133.993 1.23813e-14
1.1322 90748.1 133.993 -3.55422e-14
1.1322 90748.1 133.993 4.29963e-14
1.1322 90748.1 133.993 5.20595e-15
1.1322 90748.1 133.993 6.97363e-14
1.1322 90748.1 133.993 0
1.1322 90748.1 133.993 1.10924e-14
1.1322 90748.1 133.993 0
1.1322 90748.1 133.993 -1.50747e-14
1.1322 90748.1 133.993 3.67971e-14
1.1322 90748.1 133.993 -3.02799e-15
1.1322 90748.1 133.993 -2.60737e-14
1.1322 90748.1 133.993 3.45953e-14
1.1322 90748.1 133.993 -9.02033e-15
1.1322 90748.1 133.993 3.47194e-14
1.1322 90748.1 133.993 5.53602e-14
1.1322 90748.1 133.993 0
1.1322 90748.1 133.993 0
1.1322 90748.1 133.993 -1.00997e-14
1.1322 90748.1 133.993 0
1.1322 90748.1 133.993 2.07883e-14
1.1322 90748.1 133.993 1.7509e-14
1.1322 90748.1 133.993 0
1.1322 90748.1 133.993 3.33278e-15
1.1322 90748.1 133.993 1.32782e-14
1.1322 90748.1 133.993 1.51228e-14
1.1322 90748.1 133.993 1.9803e-14
1.1322 90748.1 133.993 0
1.1322 90748.1 133.993 -4.25685e-14
1.1322 90748.1 133.993 -5.38858e-14
1.1322 90748.1 133.993 1.60121e-14
1.1322 90748.1 133.993 1.79659e-14
1.1322 90748.1 133.993 1.89803e-14
1.1322 90748.1 133.993 1.81172e-14
1.1322 90748.1 133.993 1.94802e-14
1.1322 90748.1 133.993 2.40339e-14
1.1322 90748.1 133.993 2.04829e-14
1.1322 90748.1 133.993 1.9715e-14
1.1322 90748.1 133.993 1.71831e-14
1.1322 90748.1 133.993 -1.39352e-14
1.1322 90748.1 133.993 2.26881e-14
1.1322 90748.1 133.993 1.0351e-13
1.1322 90748.1 133.993 1.2208e-10
1.1322 90748.1 133.993 1.18716e-08
1.1322 90748.1 133.993 1.75523e-07
1.1322 90748.1 133.993 4.94233e-05
1.13219 90747.3 133.99 0.0015384
1.13188 90713.6 133.877 0.0293182
1.12919 90411.2 133.077 0.522999
1.10817 88064.8 124.519 1.53616
1.13467 91069 132.927 -0.25332
1.13223 90751.9 133.984 -0.00730499
1.1322 90748.2 133.993 -4.85584e-05
1.1322 90748.1 133.993 -2.27552e-07
1.1322 90748.1 133.993 -8.76837e-10
1.1322 90748.1 133.993 -9.12233e-13
1.1322 90748.1 133.993 1.53504e-14
1.1322 90748.1 133.993 -7.44564e-15
1.1322 90748.1 133.993 9.85552e-15
1.1322 90748.1 133.993 0
1.1322 90748.1 133.993 1.22198e-14
1.1322 90748.1 133.993 1.85042e-14
1.1322 90748.1 133.993 6.46386e-15
1.1322 90748.1 133.993 2.01689e-14
1.1322 90748.1 133.993 1.5902e-14
1.1322 90748.1 133.993 1.31543e-14
1.1322 90748.1 133.993 0
1.1322 90748.1 133.993 1.61073e-15
1.1322 90748.1 133.993 1.66259e-14
1.1322 90748.1 133.993 9.83942e-15
1.1322 90748.1 133.993 -2.73495e-14
1.1322 90748.1 133.993 0
1.1322 90748.1 133.993 1.73877e-14
1.1322 90748.1 133.993 1.30628e-14
1.1322 90748.1 133.993 1.655e-14
1.1322 90748.1 133.993 2.18099e-14
1.1322 90748.1 133.993 0
1.1322 90748.1 133.993 1.13678e-14
1.1322 90748.1 133.993 1.16727e-14
1.1322 90748.1 133.993 1.73236e-14
1.1322 90748.1 133.993 -1.30233e-14
0.78106 55193.5 181.514 -3.04689
0.861818 63248.7 139.226 19.7099
0.884484 64987.7 167.335 -8.20467
0.916571 68737.1 148.179 0.180049
0.905175 68021.4 150.694 1.93139
0.972105 74245.5 142.666 -0.968959
0.974325 74546.8 138.403 7.72976
0.996201 76340.4 152.573 -4.59381
1.00818 78080 144.519 -0.972189
1.03313 80630.1 141.016 -0.358601
1.0423 81678.7 141.889 0.128936
1.07915 85327.6 138.576 1.47367
1.09674 86938.5 141.937 -1.40672
1.11466 88960.8 139.12 -0.0405317
1.13587 91202.5 137.839 -0.403075
1.15144 92717.4 135.26 0.299099
1.18303 96125.2 137.936 1.96585
1.21083 99135.9 141.767 0.258967
1.22907 101186 130.117 1.96922
1.26966 105113 131.131 2.08929
1.25457 103697 134.197 4.16136
1.30802 109275 133.756 3.34418
1.29402 108023 140.968 0.377508
1.29952 108944 124.425 4.99317
1.36231 115318 127.42 4.68634
1.35511 114490 127.609 6.85243
1.38419 117526 128.297 9.7029
1.45737 125556 125.885 10.3964
1.45824 125327 125.588 3.78128
1.10255 85620.7 91.947 -24.7307
1.18843 98007.4 102.363 18.5386
1.1322 90748.1 133.993 -4.30842e-15
1.1322 90748.1 133.993 2.37934e-14
1.1322 90748.1 133.993 2.72079e-14
1.1322 90748.1 133.993 1.18329e-30
1.1322 90748.1 133.993 5.57631e-15
1.1322 90748.1 133.993 -7.61005e-15
1.1322 90748.1 133.993 -3.72639e-14
1.1322 90748.1 133.993 -9.00017e-15
1.1322 90748.1 133.993 -7.84909e-15
1.1322 90748.1 133.993 0
1.1322 90748.1 133.993 0
1.1322 90748.1 133.993 -3.23684e-14
1.1322 90748.1 133.993 -4.32424e-14
1.1322 90748.1 133.993 1.38861e-14
1.1322 90748.1 133.993 4.33889e-15
1.1322 90748.1 133.993 -8.43771e-15
1.1322 90748.1 133.993 -4.00886e-14
1.1322 90748.1 133.993 3.08164e-14
1.1322 90748.1 133.993 2.00094e-14
1.1322 90748.1 133.993 -2.9051e-14
1.1322 90748.1 133.993 -2.36658e-30
1.1322 90748.1 133.993 1.36558e-14
1.1322 90748.1 133.993 3.22697e-14
1.1322 90748.1 133.993 -4.80373e-15
1.1322 90748.1 133.993 0
1.1322 90748.1 133.993 -2.28856e-14
1.1322 90748.1 133.993 1.00723e-14
1.1322 90748.1 133.993 1.28623e-14
1.1322 90748.1 133.993 -1.35981e-14
1.1322 90748.1 133.993 -1.41599e-14
1.1322 90748.1 133.993 2.22558e-14
1.1322 90748.1 133.993 -1.34106e-29
1.1322 90748.1 133.993 -3.67944e-14
1.1322 90748.1 133.993 0
1.1322 90748.1 133.993 -2.48024e-14
1.1322 90748.1 133.993 2.09399e-14
1.1322 90748.1 133.993 -2.35751e-14
1.1322 90748.1 133.993 -2.82937e-14
1.1322 90748.1 133.993 -4.20575e-15
1.1322 90748.1 133.993 -3.51255e-15
1.1322 90748.1 133.993 -2.75094e-14
1.1322 90748.1 133.993 3.10227e-14
1.1322 90748.1 133.993 2.88793e-14
1.1322 90748.1 133.993 4.4353e-15
1.1322 90748.1 133.993 -2.96966e-14
1.1322 90748.1 133.993 -6.91971e-15
1.1322 90748.1 133.993 -3.09671e-15
1.1322 90748.1 133.993 -1.78577e-14
1.1322 90748.1 133.993 2.39227e-14
1.1322 90748.1 133.993 -3.39139e-14
1.1322 90748.1 133.993 -1.75354e-14
1.1322 90748.1 133.993 1.34489e-14
1.1322 90748.1 133.993 0
1.1322 90748.1 133.993 5.09291e-14
1.1322 90748.1 133.993 6.66799e-15
1.1322 90748.1 133.993 -3.33077e-14
1.1322 90748.1 133.993 -3.24867e-15
1.1322 90748.1 133.993 -2.59244e-14
1.1322 90748.1 133.993 -4.74966e-15
1.1322 90748.1 133.993 1.45294e-14
1.1322 90748.1 133.993 1.20193e-14
1.1322 90748.1 133.993 1.39502e-14
1.1322 90748.1 133.993 -3.26877e-14
1.1322 90748.1 133.993 -2.73458e-14
1.1322 90748.1 133.993 1.13544e-14
1.1322 90748.1 133.993 -1.51136e-14
1.1322 90748.1 133.993 1.8219e-14
1.1322 90748.1 133.993 0
1.1322 90748.1 133.993 -2.21069e-14
1.1322 90748.1 133.993 2.03446e-14
1.1322 90748.1 133.993 -1.76469e-14
1.1322 90748.1 133.993 1.44107e-15
1.1322 90748.1 133.993 -2.48535e-14
1.1322 90748.1 133.993 4.13125e-14
1.1322 90748.1 133.993 2.96613e-14
1.1322 90748.1 133.993 2.1913e-14
1.1322 90748.1 133.993 -4.24847e-14
1.1322 90748.1 133.993 -1.68279e-14
1.1322 90748.1 133.993 -3.99624e-14
1.1322 90748.1 133.993 0
1.1322 90748.1 133.993 -9.50203e-15
1.1322 90748.1 133.993 -6.47261e-15
1.1322 90748.1 133.993 2.08673e-14
1.1322 90748.1 133.993 -2.46769e-14
1.1322 90748.1 133.993 4.44743e-14
1.1322 90748.1 133.993 -3.40686e-15
1.1322 90748.1 133.993 -1.68627e-14
1.1322 90748.1 133.993 1.07458e-14
1.1322 90748.1 133.993 -3.10541e-14
1.1322 90748.1 133.993 1.26083e-14
1.1322 90748.1 133.993 -9.43627e-15
1.1322 90748.1 133.993 -1.44219e-14
1.1322 90748.1 133.993 0
1.1322 90748.1 133.993 -1.84063e-14
1.1322 90748.1 133.993 2.65186e-14
1.1322 90748.1 133.993 -9.10365e-15
1.1322 90748.1 133.993 -6.9439e-15
1.1322 90748.1 133.993 -9.67544e-15
1.1322 90748.1 133.993 -6.81371e-15
1.1322 90748.1 133.993 -9.63546e-15
1.1322 90748.1 133.993 0
1.1322 90748.1 133.993 2.38793e-14
1.1322 90748.1 133.993 2.20133e-14
1.1322 90748.1 133.993 -1.32245e-14
1.1322 90748.1 133.993 1.47518e-14
1.1322 90748.1 133.993 -3.23505e-14
1.1322 90748.1 133.993 9.24717e-15
1.1322 90748.1 133.993 -2.76878e-14
1.1322 90748.1 133.993 1.56791e-14
1.1322 90748.1 133.993 -8.11077e-15
1.1322 90748.1 133.993 1.90673e-14
1.1322 90748.1 133.993 -6.21926e-14
1.1322 90748.1 133.993 0
1.1322 90748.1 133.993 -1.73955e-14
1.1322 90748.1 133.993 2.02607e-14
1.1322 90748.1 133.993 3.21824e-14
1.1322 90748.1 133.993 -1.21652e-14
1.1322 90748.1 133.993 -2.14133e-14
1.1322 90748.1 133.993 -2.12896e-14
1.1322 90748.1 133.993 -1.36585e-14
1.1322 90748.1 133.993 3.03843e-15
1.1322 90748.1 133.993 7.96763e-15
1.1322 90748.1 133.993 -1.23586e-14
1.1322 90748.1 133.993 -2.75662e-14
1.1322 90748.1 133.993 -1.2463e-14
1.1322 90748.1 133.993 0
1.1322 90748.1 133.993 1.36065e-14
1.1322 90748.1 133.993 -3.76123e-14
1.1322 90748.1 133.993 3.07374e-14
1.1322 90748.1 133.993 1.85052e-14
1.1322 90748.1 133.993 -3.01711e-14
1.1322 90748.1 133.993 2.81209e-14
1.1322 90748.1 133.993 3.75874e-14
1.1322 90748.1 133.993 6.19609e-15
1.1322 90748.1 133.993 -4.72168e-14
1.1322 90748.1 133.993 1.39549e-14
1.1322 90748.1 133.993 -1.07964e-14
1.1322 90748.1 133.993 -3.02593e-14
1.1322 90748.1 133.993 3.39281e-14
1.1322 90748.1 133.993 -3.81722e-14
1.1322 90748.1 133.993 -1.23733e-14
1.1322 90748.1 133.993 1.01336e-14
1.1322 90748.1 133.993 5.58051e-14
1.1322 90748.1 133.993 3.02544e-15
1.1322 90748.1 133.993 2.67619e-14
1.1322 90748.1 133.993 2.14892e-14
1.1322 90748.1 133.993 -4.02564e-14
1.1322 90748.1 133.993 1.6726e-14
1.1322 90748.1 133.993 0
1.1322 90748.1 133.993 3.51939e-14
1.1322 90748.1 133.993 8.81243e-15
1.1322 90748.1 133.993 3.51748e-14
1.1322 90748.1 133.993 0
1.1322 90748.1 133.993 -3.95617e-14
1.1322 90748.1 133.993 0
1.1322 90748.1 133.993 -3.48922e-14
1.1322 90748.1 133.993 1.0191e-14
1.1322 90748.1 133.993 2.0617e-14
1.1322 90748.1 133.993 -6.57556e-15
1.1322 90748.1 133.993 -3.58451e-14
1.1322 90748.1 133.993 1.57772e-30
1.1322 90748.1 133.993 0
1.1322 90748.1 133.993 2.04184e-14
1.1322 90748.1 133.993 0
1.1322 90748.1 133.993 1.8602e-14
1.1322 90748.1 133.993 2.89355e-14
1.1322 90748.1 133.993 -1.49935e-14
1.1322 90748.1 133.993 -1.84617e-14
1.1322 90748.1 133.993 1.43186e-14
1.1322 90748.1 133.993 0
1.1322 90748.1 133.993 -3.27435e-14
1.1322 90748.1 133.993 -8.88493e-15
1.1322 90748.1 133.993 8.67275e-15
1.1322 90748.1 133.993 -2.80949e-14
1.1322 90748.1 133.993 2.73454e-14
1.1322 90748.1 133.993 -1.57772e-30
1.1322 90748.1 133.993 -1.62043e-14
1.1322 90748.1 133.993 -6.37329e-15
1.1322 90748.1 133.993 1.76428e-14
1.1322 90748.1 133.993 0
1.1322 90748.1 133.993 -1.72337e-14
1.1322 90748.1 133.993 2.96249e-14
1.1322 90748.1 133.993 1.22364e-14
1.1322 90748.1 133.993 6.51497e-15
1.1322 90748.1 133.993 0
1.1322 90748.1 133.993 -1.30225e-14
1.1322 90748.1 133.993 -1.05922e-14
1.1322 90748.1 133.993 7.23334e-15
1.1322 90748.1 133.993 1.45718e-14
1.1322 90748.1 133.993 -1.04418e-14
1.1322 90748.1 133.993 -1.83432e-14
1.1322 90748.1 133.993 1.41386e-14
1.1322 90748.1 133.993 4.72366e-15
1.1322 90748.1 133.993 1.25425e-14
1.1322 90748.1 133.993 -3.54863e-14
1.1322 90748.1 133.993 -3.31065e-14
1.1322 90748.1 133.993 1.55452e-14
1.1322 90748.1 133.993 -5.40693e-14
1.1322 90748.1 133.993 -2.2371e-15
1.1322 90748.1 133.993 -7.61999e-15
1.1322 90748.1 133.993 -3.15863e-15
1.1322 90748.1 133.993 -2.86163e-14
1.1322 90748.1 133.993 4.99461e-14
1.1322 90748.1 133.993 3.84423e-14
1.1322 90748.1 133.993 -2.10861e-14
1.1322 90748.1 133.993 -1.47771e-14
1.1322 90748.1 133.993 3.47356e-14
1.1322 90748.1 133.993 -1.04198e-14
1.1322 90748.1 133.993 -8.41789e-14
1.1322 90748.1 133.993 -3.13275e-14
1.1322 90748.1 133.993 -1.20531e-11
1.1322 90748.1 133.993 -1.46448e-09
1.1322 90748.1 133.993 -1.45618e-07
1.1322 90748.1 133.993 -4.85711e-06
1.1322 90748 133.992 -0.000112866
1.13212 90738.6 133.955 -0.00483696
1.13217 90744.5 133.98 -0.00280313
1.13143 90657.6 133.616 -0.0801666
1.12162 89534.6 129.829 -2.55998
1.12532 89998.6 131.328 -0.607765
1.09775 86732.4 119.149 -7.54636
1.14146 91930.4 130.052 2.73499
1.1327 90812.3 133.8 0.165744
1.13232 90763.8 133.937 -5.27901e-05
1.1322 90748.3 133.992 0.000546658
1.1322 90748.1 133.993 2.93051e-06
1.1322 90748.1 133.993 1.77316e-08
1.1322 90748.1 133.993 1.22603e-11
1.1322 90748.1 133.993 9.84757e-14
1.1322 90748.1 133.993 2.96966e-14
1.1322 90748.1 133.993 0
1.1322 90748.1 133.993 9.0917e-15
1.1322 90748.1 133.993 0
1.1322 90748.1 133.993 2.76213e-14
1.1322 90748.1 133.993 -2.22929e-14
1.1322 90748.1 133.993 1.29749e-15
1.1322 90748.1 133.993 8.44053e-15
1.1322 90748.1 133.993 -1.75787e-14
1.1322 90748.1 133.993 8.00259e-14
1.1322 90748.1 133.993 3.54649e-15
1.1322 90748.1 133.993 -2.54316e-14
1.1322 90748.1 133.993 4.16038e-14
1.1322 90748.1 133.993 -4.22254e-15
1.1322 90748.1 133.993 1.1017e-14
1.1322 90748.1 133.993 4.03786e-14
1.1322 90748.1 133.993 -1.00022e-14
1.1322 90748.1 133.993 3.59953e-14
1.1322 90748.1 133.993 -1.00309e-14
1.1322 90748.1 133.993 1.18589e-14
1.1322 90748.1 133.993 6.44079e-15
1.1322 90748.1 133.993 2.84926e-14
1.1322 90748.1 133.993 3.42553e-15
1.1322 90748.1 133.993 -1.23293e-14
1.1322 90748.1 133.993 -1.62084e-15
1.1322 90748.1 133.993 1.27948e-14
1.1322 90748.1 133.993 0
1.1322 90748.1 133.993 -3.19906e-15
1.1322 90748.1 133.993 1.25349e-14
1.1322 90748.1 133.993 2.30964e-15
1.1322 90748.1 133.993 6.47376e-15
1.1322 90748.1 133.993 0
1.06153 79869.1 116.861 -33.8088
1.04854 79810 125.272 -29.0468
1.05757 80788.3 126.354 -23.044
1.07064 82556.3 127.715 -17.163
1.08083 83512 128.441 -17.7706
1.08218 84181.9 134.278 -17.7955
1.09769 85989.7 133.761 -12.4098
1.10183 86642.5 135.078 -10.1713
1.11517 88238.8 135.659 -6.34267
1.12012 89188.7 138.706 -3.84071
1.13009 90471.3 138.32 -0.328552
1.14618 92506.3 138.813 6.65184
1.14497 92262.5 137.596 3.73547
1.15571 93975.8 140.171 10.8331
1.17243 96021.1 140.038 15.6696
1.17641 96624.8 140.43 14.8347
1.18448 97624.8 140.556 20.7649
1.18621 98393 142.091 19.8371
1.20977 100725 135.963 27.0853
1.21819 102243 136.051 26.8609
1.22208 102549 134.699 32.7979
1.22947 103745 130.883 42.2513
1.22298 104037 128.798 42.3731
1.1322 90748.1 133.993 -6.45186e-14
1.1322 90748.1 133.993 1.59158e-14
1.1322 90748.1 133.993 -1.58943e-14
1.1322 90748.1 133.993 -3.15527e-14
1.1322 90748.1 133.993 -3.44075e-14
1.1322 90748.1 133.993 -3.07717e-14
1.1322 90748.1 133.993 -9.90256e-15
1.1322 90748.1 133.993 -7.23127e-15
1.1322 90748.1 133.993 8.11284e-15
1.1322 90748.1 133.993 -2.86804e-14
1.1322 90748.1 133.993 -8.26632e-15
1.1322 90748.1 133.993 0
1.1322 90748.1 133.993 -6.57749e-15
1.1322 90748.1 133.993 0
1.1322 90748.1 133.993 0
1.1322 90748.1 133.993 -4.19685e-14
1.1322 90748.1 133.993 -5.15086e-14
1.1322 90748.1 133.993 3.21454e-14
1.1322 90748.1 133.993 -1.85725e-14
1.1322 90748.1 133.993 -3.22724e-14
1.1322 90748.1 133.993 0
1.1322 90748.1 133.993 -2.2253e-14
1.1322 90748.1 133.993 -2.83838e-14
1.1322 90748.1 133.993 2.71791e-14
1.1322 90748.1 133.993 1.27024e-14
1.1322 90748.1 133.993 4.02952e-14
1.1322 90748.1 133.993 8.50382e-15
1.1322 90748.1 133.993 1.22288e-14
1.1322 90748.1 133.993 -5.75941e-14
1.1322 90748.1 133.993 -4.28926e-14
1.1322 90748.1 133.993 -4.86038e-14
1.1322 90748.1 133.993 -9.92204e-15
1.1322 90748.1 133.993 -3.09002e-14
1.1322 90748.1 133.993 -3.98768e-14
1.1322 90748.1 133.993 3.28754e-14
1.1322 90748.1 133.993 6.08599e-14
1.1322 90748.1 133.993 2.39244e-14
1.1322 90748.1 133.993 1.55781e-14
1.1322 90748.1 133.993 3.50766e-15
1.1322 90748.1 133.993 -4.10895e-14
1.1322 90748.1 133.993 1.05817e-14
1.1322 90748.1 133.993 -3.2884e-14
1.1322 90748.1 133.993 0
1.1322 90748.1 133.993 4.74206e-14
1.1322 90748.1 133.993 -1.3077e-14
1.1322 90748.1 133.993 4.05061e-14
1.1322 90748.1 133.993 5.98793e-15
1.1322 90748.1 133.993 -6.06233e-14
1.1322 90748.1 133.993 -5.11524e-14
1.1322 90748.1 133.993 -3.15737e-14
1.1322 90748.1 133.993 -3.25342e-14
1.1322 90748.1 133.993 0
1.1322 90748.1 133.993 0
1.1322 90748.1 133.993 0
1.1322 90748.1 133.993 -8.75761e-15
1.1322 90748.1 133.993 -9.3778e-15
1.1322 90748.1 133.993 -5.47418e-15
1.1322 90748.1 133.993 3.92541e-14
1.1322 90748.1 133.993 4.54167e-14
1.1322 90748.1 133.993 4.64703e-15
1.1322 90748.1 133.993 1.89656e-14
1.1322 90748.1 133.993 -2.27542e-14
1.1322 90748.1 133.993 8.60682e-14
1.1322 90748.1 133.993 -4.12376e-15
1.1322 90748.1 133.993 -2.66352e-14
1.1322 90748.1 133.993 2.98088e-14
1.1322 90748.1 133.993 3.75747e-14
1.1322 90748.1 133.993 0
1.1322 90748.1 133.993 -1.65121e-14
1.1322 90748.1 133.993 3.20421e-14
1.1322 90748.1 133.993 -1.15719e-14
1.1322 90748.1 133.993 0
1.13146 90661.5 133.998 -0.260475
1.12975 90475.4 133.542 -0.898509
1.13199 90724.9 133.969 -0.0887751
1.13097 90606.3 133.794 -0.390887
1.13205 90731.7 133.971 -0.0586244
1.1317 90692.3 133.866 -0.13438
1.13216 90743.6 133.991 -0.0109117
1.13212 90739.6 133.973 -0.0220678
1.13112 90626.2 133.841 -0.376028
1.12604 90040.9 133.708 -2.08543
1.12411 89853.4 132.8 -2.83247
1.12981 90467.3 133.985 -0.943054
1.13194 90718.6 133.989 -0.104621
1.13211 90737.9 133.979 -0.0291705
1.0964 86694.2 128.814 -11.2321
1.08113 84839.9 131.085 -17.6523
1.09524 86604.2 128.095 -13.7952
1.06959 83726.7 121.735 -15.9781
1.04494 81138.6 123.594 -29.7638
1.11559 88904.2 133.936 -6.40009
1.08974 85850.6 132.897 -12.2071
1.07416 84255.2 129.05 -22.2089
1.11447 88778.1 132.939 -7.39081
1.1197 89319.3 132.826 -3.51771
1.1047 87689.8 128.012 -6.92985
1.11652 89039.7 131.334 -5.25356
1.08908 85816.8 131.004 -17.4854
1.11255 88559.1 131.081 -6.09338
1.12427 89851.8 132.246 -2.00091
1.12828 90316.3 133.147 -1.2226
1.1322 90748.1 133.993 3.9035e-14
1.1322 90748.1 133.993 1.50934e-14
1.1322 90748.1 133.993 2.49015e-14
1.1322 90748.1 133.993 1.29694e-14
1.1322 90748.1 133.993 -5.02562e-14
1.1322 90748.1 133.993 -1.34606e-14
1.1322 90748.1 133.993 0
1.1322 90748.1 133.993 -2.03901e-14
1.1322 90748.1 133.993 1.61437e-14
1.1322 90748.1 133.993 -1.35442e-14
1.1322 90748.1 133.993 6.53212e-15
1.1322 90748.1 133.993 1.60782e-14
1.1322 90748.1 133.993 4.49149e-14
1.1322 90748.1 133.993 -4.18915e-14
1.1322 90748.1 133.993 -4.73085e-14
1.1322 90748.1 133.993 1.79621e-14
1.1322 90748.1 133.993 -1.20047e-14
1.1322 90748.1 133.993 -1.1967e-14
1.1322 90748.1 133.993 0
1.1322 90748.1 133.993 -3.9443e-31
1.1322 90748.1 133.993 0
1.1322 90748.1 133.993 3.42098e-15
1.1322 90748.1 133.993 5.58894e-14
1.1322 90748.1 133.993 6.3771e-15
1.1322 90748.1 133.993 -2.9712e-14
1.1322 90748.1 133.993 4.86681e-14
1.1322 90748.1 133.993 -3.7217e-14
1.1322 90748.1 133.993 -1.24614e-14
1.1322 90748.1 133.993 0
1.1322 90748.1 133.993 -2.51008e-14
1.1322 90748.1 133.993 4.42179e-14
1.1322 90748.1 133.993 1.47027e-14
1.1322 90748.1 133.993 2.04664e-14
1.1322 90748.1 133.993 -1.42482e-14
1.1322 90748.1 133.993 -4.94698e-14
1.1322 90748.1 133.993 1.27105e-14
1.1322 90748.1 133.993 -7.9432e-15
1.1322 90748.1 133.993 -1.63014e-14
1.1322 90748.1 133.993 -3.24801e-14
1.1322 90748.1 133.993 -2.16283e-14
1.1322 90748.1 133.993 2.28919e-14
1.1322 90748.1 133.993 -3.93551e-14
1.1322 90748.1 133.993 2.50542e-14
1.1322 90748.1 133.993 -3.01109e-14
1.1322 90748.1 133.993 -2.23582e-14
1.1322 90748.1 133.993 3.53113e-14
1.1322 90748.1 133.993 1.15875e-14
1.1322 90748.1 133.993 1.34908e-14
1.1322 90748.1 133.993 -3.26927e-15
1.1322 90748.1 133.993 0
1.1322 90748.1 133.993 -2.3174e-14
1.1322 90748.1 133.993 -4.43858e-14
1.1322 90748.1 133.993 -1.06925e-14
1.1322 90748.1 133.993 -7.3911e-15
1.1322 90748.1 133.993 3.20833e-14
1.1322 90748.1 133.993 1.94222e-14
1.1322 90748.1 133.993 5.11383e-14
1.1322 90748.1 133.993 1.64784e-14
1.1322 90748.1 133.993 0
1.1322 90748.1 133.993 4.26916e-14
1.1322 90748.1 133.993 -3.38579e-14
1.1322 90748.1 133.993 1.73251e-14
1.1322 90748.1 133.993 0
1.1322 90748.1 133.993 -7.92394e-15
1.1322 90748.1 133.993 -1.18684e-14
1.1322 90748.1 133.993 2.60879e-14
1.1322 90748.1 133.993 -2.81693e-15
1.1322 90748.1 133.993 6.79793e-15
1.1322 90748.1 133.993 1.20124e-14
1.1322 90748.1 133.993 -3.4273e-14
1.1322 90748.1 133.993 -4.43054e-14
1.1322 90748.1 133.993 2.65529e-14
1.1322 90748.1 133.993 -2.66368e-14
1.1322 90748.1 133.993 3.74036e-14
1.1322 90748.1 133.993 -3.33056e-14
1.1322 90748.1 133.993 4.81698e-14
1.1322 90748.1 133.993 1.11663e-14
1.1322 90748.1 133.993 1.29664e-14
1.1322 90748.1 133.993 0
1.1322 90748.1 133.993 1.48881e-14
1.1322 90748.1 133.993 2.95247e-14
1.1322 90748.1 133.993 1.70006e-14
1.1322 90748.1 133.993 1.20926e-14
1.1322 90748.1 133.993 2.09875e-14
1.1322 90748.1 133.993 -5.96152e-15
1.1322 90748.1 133.993 -5.11208e-14
1.1322 90748.1 133.993 -4.89231e-14
1.1322 90748.1 133.993 3.01001e-14
1.1322 90748.1 133.993 4.44648e-14
1.1322 90748.1 133.993 0
1.1322 90748.1 133.993 -1.27092e-14
1.1322 90748.1 133.993 -2.26497e-14
1.1322 90748.1 133.993 -3.81333e-14
1.1322 90748.1 133.993 1.17375e-14
1.1322 90748.1 133.993 -7.52878e-15
1.1322 90748.1 133.993 -2.76529e-14
1.1322 90748.1 133.993 -6.31559e-14
1.1322 90748.1 133.993 -2.17671e-14
1.1322 90748.1 133.993 -7.53265e-15
1.1322 90748.1 133.993 -3.12966e-14
1.1322 90748.1 133.993 -5.68211e-14
1.1322 90748.1 133.993 -3.90658e-14
1.1322 90748.1 133.993 0
1.1322 90748.1 133.993 2.41211e-14
1.1322 90748.1 133.993 0
1.1322 90748.1 133.993 7.47206e-14
1.1322 90748.1 133.993 0
1.1322 90748.1 133.993 -1.35261e-14
1.1322 90748.1 133.993 -1.43761e-14
1.1322 90748.1 133.993 2.61456e-14
1.1322 90748.1 133.993 0
1.1322 90748.1 133.993 -2.95169e-14
1.1322 90748.1 133.993 0
1.1322 90748.1 133.993 4.00207e-14
1.1322 90748.1 133.993 -2.46298e-14
1.1322 90748.1 133.993 -2.13964e-14
1.1322 90748.1 133.993 1.15687e-14
1.1322 90748.1 133.993 3.1063e-14
1.1322 90748.1 133.993 3.19598e-14
1.1322 90748.1 133.993 -3.35371e-14
1.1322 90748.1 133.993 -1.8839e-14
1.1322 90748.1 133.993 -2.00292e-14
1.1322 90748.1 133.993 3.21468e-15
1.1322 90748.1 133.993 -1.24861e-14
1.1322 90748.1 133.993 2.04021e-14
1.1322 90748.1 133.993 -3.41182e-14
1.1322 90748.1 133.993 -1.49825e-14
1.1322 90748.1 133.993 1.86917e-14
1.1322 90748.1 133.993 -6.46735e-15
1.1322 90748.1 133.993 -8.25146e-15
1.1322 90748.1 133.993 -4.4337e-14
1.1322 90748.1 133.993 4.14968e-15
1.1322 90748.1 133.993 -3.66429e-14
1.1322 90748.1 133.993 3.34755e-15
1.1322 90748.1 133.993 -2.12737e-14
1.1322 90748.1 133.993 4.48899e-14
1.1322 90748.1 133.993 4.66068e-14
1.1322 90748.1 133.993 6.86763e-14
1.1322 90748.1 133.993 -3.73682e-14
1.1322 90748.1 133.993 7.12325e-15
1.1322 90748.1 133.993 4.88118e-14
1.1322 90748.1 133.993 0
1.1322 90748.1 133.993 4.3039e-15
1.1322 90748.1 133.993 3.96619e-14
1.1322 90748.1 133.993 2.31131e-14
1.1322 90748.1 133.993 -3.43096e-14
1.1322 90748.1 133.993 2.50224e-15
1.1322 90748.1 133.993 -6.44902e-15
1.1322 90748.1 133.993 4.225e-14
1.1322 90748.1 133.993 -2.54401e-14
1.1322 90748.1 133.993 -3.84355e-14
1.1322 90748.1 133.993 2.58892e-14
1.1322 90748.1 133.993 3.96196e-14
1.1322 90748.1 133.993 1.74708e-14
1.1322 90748.1 133.993 -1.69498e-14
1.1322 90748.1 133.993 -5.52941e-14
1.1322 90748.1 133.993 1.72573e-14
1.1322 90748.1 133.993 -3.11233e-15
1.1322 90748.1 133.993 2.13381e-14
1.1322 90748.1 133.993 1.78862e-14
1.1322 90748.1 133.993 -3.71881e-15
1.1322 90748.1 133.993 8.22522e-15
1.1322 90748.1 133.993 2.46043e-14
1.1322 90748.1 133.993 1.05599e-14
1.1322 90748.1 133.993 1.01989e-14
1.1322 90748.1 133.993 7.8527e-15
1.1322 90748.1 133.993 -1.08024e-14
1.1322 90748.1 133.993 -3.30957e-14
1.1322 90748.1 133.993 1.35074e-14
1.1322 90748.1 133.993 -5.69111e-14
1.1322 90748.1 133.993 -3.28182e-14
1.1322 90748.1 133.993 -1.6418e-15
1.1322 90748.1 133.993 1.30712e-14
1.1322 90748.1 133.993 -5.8924e-14
1.1322 90748.1 133.993 -2.64214e-14
1.1322 90748.1 133.993 8.52709e-15
1.1322 90748.1 133.993 -3.47046e-14
1.1322 90748.1 133.993 -1.30242e-14
1.1322 90748.1 133.993 -2.55902e-14
1.1322 90748.1 133.993 2.20488e-14
1.1322 90748.1 133.993 7.03201e-15
1.1322 90748.1 133.993 -9.75686e-15
1.1322 90748.1 133.993 1.49225e-14
1.1322 90748.1 133.993 0
1.1322 90748.1 133.993 -1.47787e-14
1.1322 90748.1 133.993 -2.5919e-14
1.1322 90748.1 133.993 -3.61895e-15
1.1322 90748.1 133.993 -2.80864e-15
1.1322 90748.1 133.993 3.10826e-15
1.1322 90748.1 133.993 -1.59559e-14
1.1322 90748.1 133.993 2.708e-15
1.1322 90748.1 133.993 -1.07712e-14
1.1322 90748.1 133.993 1.35195e-14
1.1322 90748.1 133.993 0
1.1322 90748.1 133.993 2.98744e-14
1.1322 90748.1 133.993 -1.37126e-14
1.1322 90748.1 133.993 -1.00842e-14
1.1322 90748.1 133.993 2.22963e-14
1.1322 90748.1 133.993 4.87353e-14
1.1322 90748.1 133.993 -9.09734e-15
1.1322 90748.1 133.993 -1.4475e-14
1.1322 90748.1 133.993 -1.18602e-14
1.1322 90748.1 133.993 -3.28478e-14
1.1322 90748.1 133.993 1.87965e-14
1.1322 90748.1 133.993 -1.25925e-14
1.1322 90748.1 133.993 4.61372e-15
1.1322 90748.1 133.993 -2.94614e-14
1.1322 90748.1 133.993 3.77013e-15
1.1322 90748.1 133.993 -3.53211e-14
1.1322 90748.1 133.993 1.82542e-14
1.1322 90748.1 133.993 2.89375e-14
1.1322 90748.1 133.993 1.14026e-14
1.1322 90748.1 133.993 -2.37884e-14
1.1322 90748.1 133.993 -5.19566e-14
1.1322 90748.1 133.993 -4.08511e-14
1.1322 90748.1 133.993 -2.14568e-14
1.1322 90748.1 133.993 -3.83884e-14
1.1322 90748.1 133.993 1.78554e-14
1.1322 90748.1 133.993 3.01776e-15
1.1322 90748.1 133.993 -2.11437e-14
1.1322 90748.1 133.993 0
1.1322 90748.1 133.993 1.73158e-14
1.1322 90748.1 133.993 2.88993e-14
1.1322 90748.1 133.993 3.53428e-14
1.1322 90748.1 133.993 1.70487e-14
1.1322 90748.1 133.993 2.74532e-14
1.1322 90748.1 133.993 -4.25241e-14
1.1322 90748.1 133.993 5.11664e-14
1.1322 90748.1 133.993 2.83225e-15
1.1322 90748.1 133.993 -5.8493e-15
1.1322 90748.1 133.993 -5.33563e-14
1.1322 90748.1 133.993 -1.13454e-14
1.1322 90748.1 133.993 -1.62894e-15
1.1322 90748.1 133.993 1.50551e-14
1.1322 90748.1 133.993 1.35172e-14
1.1322 90748.1 133.993 -5.74411e-15
1.1322 90748.1 133.993 1.17516e-14
1.1322 90748.1 133.993 -2.91463e-14
1.1322 90748.1 133.993 3.03159e-14
1.1322 90748.1 133.993 0
1.1322 90748.1 133.993 -6.91764e-15
1.1322 90748.1 133.993 1.20009e-14
1.1322 90748.1 133.993 -1.17231e-14
1.1322 90748.1 133.993 3.46574e-15
1.1322 90748.1 133.993 2.52135e-14
1.1322 90748.1 133.993 3.28027e-14
1.1322 90748.1 133.993 -2.72597e-14
1.1322 90748.1 133.993 1.00313e-14
1.1322 90748.1 133.993 6.16709e-15
1.1322 90748.1 133.993 -2.17723e-14
1.1322 90748.1 133.993 -1.2388e-14
1.1322 90748.1 133.993 6.52227e-14
1.1322 90748.1 133.993 1.13291e-14
1.1322 90748.1 133.993 -1.20841e-14
1.1322 90748.1 133.993 -4.44314e-14
1.1322 90748.1 133.993 -2.53557e-14
1.1322 90748.1 133.993 -1.09415e-14
1.1322 90748.1 133.993 8.83334e-15
1.1322 90748.1 133.993 -4.40132e-14
1.1322 90748.1 133.993 3.51585e-14
1.1322 90748.1 133.993 4.06495e-14
1.1322 90748.1 133.993 7.06677e-15
1.1322 90748.1 133.993 1.51303e-14
1.1322 90748.1 133.993 1.34842e-14
1.1322 90748.1 133.993 2.22076e-14
1.1322 90748.1 133.993 -3.25354e-14
1.1322 90748.1 133.993 -5.80184e-14
1.1322 90748.1 133.993 -5.42859e-14
1.1322 90748.1 133.993 -4.40471e-14
1.1322 90748.1 133.993 6.58768e-15
1.1322 90748.1 133.993 2.28964e-14
1.1322 90748.1 133.993 3.35415e-14
1.1322 90748.1 133.993 -3.23169e-14
1.1322 90748.1 133.993 3.50351e-14
1.1322 90748.1 133.993 -3.73897e-15
1.1322 90748.1 133.993 -1.36034e-14
1.1322 90748.1 133.993 -2.7192e-14
1.1322 90748.1 133.993 0
1.1322 90748.1 133.993 2.67527e-14
1.1322 90748.1 133.993 2.82577e-14
1.1322 90748.1 133.993 -3.27566e-14
1.1322 90748.1 133.993 3.68613e-14
1.1322 90748.1 133.993 -9.79176e-15
1.1322 90748.1 133.993 4.54935e-14
1.1322 90748.1 133.993 -2.74168e-14
1.1322 90748.1 133.993 -4.55563e-14
1.1322 90748.1 133.993 3.23505e-15
1.1322 90748.1 133.993 -3.34591e-14
1.1322 90748.1 133.993 -4.97939e-14
1.1322 90748.1 133.993 -3.17076e-14
1.1322 90748.1 133.993 -3.54238e-14
1.1322 90748.1 133.993 5.66317e-14
1.1322 90748.1 133.993 3.11946e-14
1.1322 90748.1 133.993 3.56807e-14
1.1322 90748.1 133.993 -3.83585e-14
1.1322 90748.1 133.993 -6.73708e-15
1.1322 90748.1 133.993 1.08467e-14
1.1322 90748.1 133.993 8.57561e-15
1.1322 90748.1 133.993 -6.15553e-15
1.1322 90748.1 133.993 -3.35715e-14
1.1322 90748.1 133.993 1.04618e-14
1.1322 90748.1 133.993 3.8405e-14
1.1322 90748.1 133.993 0
1.1322 90748.1 133.993 -3.28341e-15
1.1322 90748.1 133.993 0
1.1322 90748.1 133.993 6.5265e-15
1.1322 90748.1 133.993 2.18262e-14
1.1322 90748.1 133.993 3.50375e-14
1.1322 90748.1 133.993 7.55543e-15
1.1322 90748.1 133.993 2.32306e-14
1.1322 90748.1 133.993 1.94596e-14
1.1322 90748.1 133.993 -3.67994e-14
1.1322 90748.1 133.993 -1.14797e-14
1.1322 90748.1 133.993 -3.80016e-14
1.1322 90748.1 133.993 4.22907e-14
1.1322 90748.1 133.993 4.91873e-14
1.1322 90748.1 133.993 0
1.1322 90748.1 133.993 0
1.1322 90748.1 133.993 5.94994e-15
1.1322 90748.1 133.993 3.32925e-14
1.1322 90748.1 133.993 8.14739e-14
1.1322 90748.1 133.993 1.49434e-15
1.1322 90748.1 133.993 0
1.1322 90748.1 133.993 -6.90131e-15
1.1322 90748.1 133.993 4.18667e-14
1.1322 90748.1 133.993 -1.2562e-14
1.1322 90748.1 133.993 6.90404e-15
1.1322 90748.1 133.993 4.22887e-14
1.1322 90748.1 133.993 -1.80198e-14
1.1322 90748.1 133.993 -2.50839e-14
1.1322 90748.1 133.993 -8.24631e-15
1.1322 90748.1 133.993 9.93886e-15
1.1322 90748.1 133.993 1.09277e-14
1.1322 90748.1 133.993 -4.38993e-14
