1.96962 -0.347296 -1 14280 2
1.96962 -0.322296 -1 14282 2
1.96962 -0.297296 -1 14284 2
1.96962 -0.272296 -1 14286 2
1.96962 -0.247296 -1 14288 2
1.96962 -0.222296 -1 14290 2
1.96962 -0.197296 -1 14292 2
1.96962 -0.172296 -1 14294 2
1.96962 -0.147296 -1 14296 2
1.96962 -0.122296 -1 14298 2
1.96962 -0.0972964 -1 14300 2
1.96962 -0.0722964 -1 14302 2
1.96962 -0.0472964 -1 14304 2
1.96962 -0.0222964 -1 14306 2
1.96962 0.00270364 -1 14308 2
1.96962 0.0277036 -1 14310 2
1.96962 0.0527036 -1 14312 2
1.96962 0.0777036 -1 14314 2
1.96962 0.102704 -1 14316 2
1.96962 0.127704 -1 14318 2
1.96962 0.152704 -1 14320 2
1.96962 0.177704 -1 14322 2
1.96962 0.202704 -1 14324 2
1.96962 0.227704 -1 14326 2
1.96962 0.252704 -1 14328 2
1.96962 0.277704 -1 14330 2
1.96962 0.302704 -1 14332 2
1.96962 0.327704 -1 14334 2
1.96962 0.352704 -1 14336 2
1.96962 0.377704 -1 14338 2
1.96962 0.402704 -1 14340 2
1.96962 0.427704 -1 14342 2
1.96962 0.452704 -1 14344 2
1.96962 0.477704 -1 14346 2
1.96962 0.502704 -1 14348 2
1.96962 0.527704 -1 14350 2
1.96962 0.552704 -1 14352 2
1.96962 0.577704 -1 14354 2
1.96962 0.602704 -1 14356 2
1.96962 0.627704 -1 14358 2
1.96962 0.652704 -1 14360 2
1.96962 0.677704 -1 14362 2
1.96962 0.702704 -1 14364 2
1.96962 0.727704 -1 14366 2
1.96962 0.752704 -1 14368 2
1.96962 0.777704 -1 14370 2
1.96962 0.802704 -1 14372 2
1.96962 0.827704 -1 14374 2
1.96962 0.852704 -1 14376 2
1.96962 0.877704 -1 14378 2
1.96962 0.902704 -1 14380 2
1.96962 0.927704 -1 14382 2
1.96962 0.952704 -1 14384 2
1.96962 0.977704 -1 14386 2
1.96962 1.0027 -1 14388 2
1.96962 1.0277 -1 14390 2
1.96962 1.0527 -1 14392 2
1.96962 1.0777 -1 14394 2
1.96962 1.1027 -1 14396 2
1.96962 1.1277 -1 14398 2
