-3.40909 0
-3.5 2
3.42708 2
3.5 0
0.590909 0
0.5 0
-0.5 0
-0.469277 0.012344
-3.42708 2
-3.35417 2
-3.28125 2
-3.20833 2
-3.13542 2
-3.0625 2
-2.98958 2
-2.91667 2
-2.84375 2
-2.77083 2
-2.69792 2
-2.625 2
-2.55208 2
-2.47917 2
-2.40625 2
-2.33333 2
-2.26042 2
-2.1875 2
-2.11458 2
-2.04167 2
-1.96875 2
-1.89583 2
-1.82292 2
-1.75 2
-1.67708 2
-1.60417 2
-1.53125 2
-1.45833 2
-1.38542 2
-1.3125 2
-1.23958 2
-1.16667 2
-1.09375 2
-1.02083 2
-0.947917 2
-0.875 2
-0.802083 2
-0.729167 2
-0.65625 2
-0.583333 2
-0.510417 2
-0.4375 2
-0.364583 2
-0.291667 2
-0.21875 2
-0.145833 2
-0.072917 2
-0 2
0.072917 2
0.145833 2
0.21875 2
0.291667 2
0.364583 2
0.4375 2
0.510417 2
0.583333 2
0.65625 2
0.729167 2
0.802083 2
0.875 2
0.947917 2
1.02083 2
1.09375 2
1.16667 2
1.23958 2
1.3125 2
1.38542 2
1.45833 2
1.53125 2
1.60417 2
1.67708 2
1.75 2
1.82292 2
1.89583 2
1.96875 2
2.04167 2
2.11458 2
2.1875 2
2.26042 2
2.33333 2
2.40625 2
2.47917 2
2.55208 2
2.625 2
2.69792 2
2.77083 2
2.84375 2
2.91667 2
2.98958 2
3.0625 2
3.13542 2
3.20833 2
3.28125 2
3.35417 2
3.40909 0
3.31818 0
3.22727 0
3.13636 0
3.04546 0
2.95454 0
2.86364 0
2.77273 0
2.68182 0
2.59091 0
2.5 0
2.40909 0
2.31818 0
2.22727 0
2.13636 0
2.04546 0
1.95454 0
1.86364 0
1.77273 0
1.68182 0
1.59091 0
1.5 0
1.40909 0
1.31818 0
1.22727 0
1.13636 0
1.04546 0
0.954545 0
0.863636 0
0.772727 0
0.681818 0
-0.590909 0
-0.681818 0
-0.772727 0
-0.863636 0
-0.954545 0
-1.04546 0
-1.13636 0
-1.22727 0
-1.31818 0
-1.40909 0
-1.5 0
-1.59091 0
-1.68182 0
-1.77273 0
-1.86364 0
-1.95454 0
-2.04546 0
-2.13636 0
-2.22727 0
-2.31818 0
-2.40909 0
-2.5 0
-2.59091 0
-2.68182 0
-2.77273 0
-2.86364 0
-2.95454 0
-3.04546 0
-3.13636 0
-3.22727 0
-3.31818 0
0.469277 0.012344
0.438249 0.023903
0.406937 0.034667
0.375361 0.04463
0.343541 0.053786
0.3115 0.062128
0.279255 0.069652
0.246828 0.076353
0.214244 0.082224
0.181518 0.087265
0.148675 0.09147
0.115738 0.094838
0.082723 0.097365
0.049655 0.099051
0.016556 0.099895
-0.016556 0.099895
-0.049655 0.099051
-0.082723 0.097365
-0.115738 0.094838
-0.148675 0.09147
-0.181518 0.087265
-0.214244 0.082224
-0.246828 0.076353
-0.279255 0.069652
-0.3115 0.062128
-0.343541 0.053786
-0.375361 0.04463
-0.406937 0.034667
-0.438249 0.023903
