-1 0.025 -1 1 1
-1 0.05 -1 3 1
-1 0.075 -1 5 1
-1 0.1 -1 7 1
-1 0.125 -1 9 1
-1 0.15 -1 11 1
-1 0.175 -1 13 1
-1 0.2 -1 15 1
-1 0.225 -1 17 1
-1 0.25 -1 19 1
-1 0.275 -1 21 1
-1 0.3 -1 23 1
-1 0.325 -1 25 1
-1 0.35 -1 27 1
-1 0.375 -1 29 1
-1 0.4 -1 31 1
-1 0.425 -1 33 1
-1 0.45 -1 35 1
-1 0.475 -1 37 1
-1 0.5 -1 39 1
-1 0.525 -1 41 1
-1 0.55 -1 43 1
-1 0.575 -1 45 1
-1 0.6 -1 47 1
-1 0.625 -1 49 1
-1 0.65 -1 51 1
-1 0.675 -1 53 1
-1 0.7 -1 55 1
-1 0.725 -1 57 1
-1 0.75 -1 59 1
-1 0.775 -1 61 1
-1 0.8 -1 63 1
-1 0.825 -1 65 1
-1 0.85 -1 67 1
-1 0.875 -1 69 1
-1 0.9 -1 71 1
-1 0.925 -1 73 1
-1 0.95 -1 75 1
-1 0.975 -1 77 1
-1 1 -1 79 1
-1 1.025 -1 81 1
-1 1.05 -1 83 1
-1 1.075 -1 85 1
-1 1.1 -1 87 1
-1 1.125 -1 89 1
-1 1.15 -1 91 1
-1 1.175 -1 93 1
-1 1.2 -1 95 1
-1 1.225 -1 97 1
-1 1.25 -1 99 1
-1 1.275 -1 101 1
-1 1.3 -1 103 1
-1 1.325 -1 105 1
-1 1.35 -1 107 1
-1 1.375 -1 109 1
-1 1.4 -1 111 1
-1 1.425 -1 113 1
-1 1.45 -1 115 1
-1 1.475 -1 117 1
-1 1.5 -1 119 1
