-1 0 -1 0 4
-0.975 0 -1 121 4
-0.95 0 -1 240 4
-0.925 0 -1 360 4
-0.9 0 -1 481 4
-0.875 0 -1 600 4
-0.85 0 -1 721 4
-0.825 0 -1 840 4
-0.8 0 -1 961 4
-0.775 0 -1 1081 4
-0.75 0 -1 1200 4
-0.725 0 -1 1321 4
-0.7 0 -1 1440 4
-0.675 0 -1 1560 4
-0.65 0 -1 1680 4
-0.625 0 -1 1800 4
-0.6 0 -1 1921 4
-0.575 0 -1 2040 4
-0.55 0 -1 2161 4
-0.525 0 -1 2280 4
-0.5 0 -1 2400 4
-0.475 0 -1 2520 4
-0.45 0 -1 2641 4
-0.425 0 -1 2760 4
-0.4 0 -1 2881 4
-0.375 0 -1 3001 4
-0.35 0 -1 3120 4
-0.325 0 -1 3240 4
-0.3 0 -1 3360 4
-0.275 0 -1 3481 4
-0.25 0 -1 3600 4
-0.225 0 -1 3720 4
-0.2 0 -1 3841 4
-0.175 0 -1 3960 4
-0.15 0 -1 4080 4
-0.125 0 -1 4201 4
-0.1 0 -1 4320 4
-0.075 0 -1 4441 4
-0.05 0 -1 4560 4
-0.025 0 -1 4680 4
0 0 -1 4800 4
0.0246202 -0.0043412 -1 4920 4
0.0492404 -0.00868241 -1 5040 4
0.0738606 -0.0130236 -1 5160 4
0.0984808 -0.0173648 -1 5280 4
0.123101 -0.021706 -1 5400 4
0.147721 -0.0260472 -1 5520 4
0.172341 -0.0303884 -1 5640 4
0.196962 -0.0347296 -1 5760 4
0.221582 -0.0390708 -1 5880 4
0.246202 -0.043412 -1 6000 4
0.270822 -0.0477532 -1 6120 4
0.295442 -0.0520945 -1 6240 4
0.320063 -0.0564357 -1 6360 4
0.344683 -0.0607769 -1 6480 4
0.369303 -0.0651181 -1 6600 4
0.393923 -0.0694593 -1 6720 4
0.418543 -0.0738005 -1 6840 4
0.443163 -0.0781417 -1 6960 4
0.467784 -0.0824829 -1 7080 4
0.492404 -0.0868241 -1 7200 4
0.517024 -0.0911653 -1 7320 4
0.541644 -0.0955065 -1 7440 4
0.566264 -0.0998477 -1 7560 4
0.590885 -0.104189 -1 7680 4
0.615505 -0.10853 -1 7800 4
0.640125 -0.112871 -1 7920 4
0.664745 -0.117213 -1 8040 4
0.689365 -0.121554 -1 8160 4
0.713986 -0.125895 -1 8280 4
0.738606 -0.130236 -1 8400 4
0.763226 -0.134577 -1 8520 4
0.787846 -0.138919 -1 8640 4
0.812466 -0.14326 -1 8760 4
0.837087 -0.147601 -1 8880 4
0.861707 -0.151942 -1 9000 4
0.886327 -0.156283 -1 9120 4
0.910947 -0.160625 -1 9240 4
0.935567 -0.164966 -1 9360 4
0.960188 -0.169307 -1 9480 4
0.984808 -0.173648 -1 9600 4
1.00943 -0.177989 -1 9720 4
1.03405 -0.182331 -1 9840 4
1.05867 -0.186672 -1 9960 4
1.08329 -0.191013 -1 10080 4
1.10791 -0.195354 -1 10200 4
1.13253 -0.199695 -1 10320 4
1.15715 -0.204037 -1 10440 4
1.18177 -0.208378 -1 10560 4
1.20639 -0.212719 -1 10680 4
1.23101 -0.21706 -1 10800 4
1.25563 -0.221401 -1 10920 4
1.28025 -0.225743 -1 11040 4
1.30487 -0.230084 -1 11160 4
1.32949 -0.234425 -1 11280 4
1.35411 -0.238766 -1 11400 4
1.37873 -0.243107 -1 11520 4
1.40335 -0.247449 -1 11640 4
1.42797 -0.25179 -1 11760 4
1.45259 -0.256131 -1 11880 4
1.47721 -0.260472 -1 12000 4
1.50183 -0.264813 -1 12120 4
1.52645 -0.269155 -1 12240 4
1.55107 -0.273496 -1 12360 4
1.57569 -0.277837 -1 12480 4
1.60031 -0.282178 -1 12600 4
1.62493 -0.286519 -1 12720 4
1.64955 -0.290861 -1 12840 4
1.67417 -0.295202 -1 12960 4
1.69879 -0.299543 -1 13080 4
1.72341 -0.303884 -1 13200 4
1.74803 -0.308226 -1 13320 4
1.77265 -0.312567 -1 13440 4
1.79727 -0.316908 -1 13560 4
1.82189 -0.321249 -1 13680 4
1.84651 -0.32559 -1 13800 4
1.87113 -0.329932 -1 13920 4
1.89575 -0.334273 -1 14040 4
1.92038 -0.338614 -1 14160 4
1.945 -0.342955 -1 14280 4
