-0.975 1.5 -1 118 3
-0.95 1.5 -1 238 3
-0.925 1.5 -1 359 3
-0.9 1.5 -1 479 3
-0.875 1.5 -1 598 3
-0.85 1.5 -1 719 3
-0.825 1.5 -1 839 3
-0.8 1.5 -1 958 3
-0.775 1.5 -1 1078 3
-0.75 1.5 -1 1199 3
-0.725 1.5 -1 1319 3
-0.7 1.5 -1 1439 3
-0.675 1.5 -1 1558 3
-0.65 1.5 -1 1678 3
-0.625 1.5 -1 1799 3
-0.6 1.5 -1 1918 3
-0.575 1.5 -1 2038 3
-0.55 1.5 -1 2159 3
-0.525 1.5 -1 2278 3
-0.5 1.5 -1 2398 3
-0.475 1.5 -1 2518 3
-0.45 1.5 -1 2639 3
-0.425 1.5 -1 2759 3
-0.4 1.5 -1 2878 3
-0.375 1.5 -1 2998 3
-0.35 1.5 -1 3119 3
-0.325 1.5 -1 3239 3
-0.3 1.5 -1 3359 3
-0.275 1.5 -1 3478 3
-0.25 1.5 -1 3599 3
-0.225 1.5 -1 3719 3
-0.2 1.5 -1 3838 3
-0.175 1.5 -1 3959 3
-0.15 1.5 -1 4078 3
-0.125 1.5 -1 4198 3
-0.1 1.5 -1 4318 3
-0.075 1.5 -1 4439 3
-0.05 1.5 -1 4558 3
-0.025 1.5 -1 4678 3
0 1.5 -1 4799 3
0.0246202 1.49566 -1 4919 3
0.0492404 1.49132 -1 5039 3
0.0738606 1.48698 -1 5159 3
0.0984808 1.48264 -1 5279 3
0.123101 1.47829 -1 5399 3
0.147721 1.47395 -1 5519 3
0.172341 1.46961 -1 5639 3
0.196962 1.46527 -1 5759 3
0.221582 1.46093 -1 5879 3
0.246202 1.45659 -1 5999 3
0.270822 1.45225 -1 6119 3
0.295442 1.44791 -1 6239 3
0.320063 1.44356 -1 6359 3
0.344683 1.43922 -1 6479 3
0.369303 1.43488 -1 6599 3
0.393923 1.43054 -1 6719 3
0.418543 1.4262 -1 6839 3
0.443163 1.42186 -1 6959 3
0.467784 1.41752 -1 7079 3
0.492404 1.41318 -1 7199 3
0.517024 1.40883 -1 7319 3
0.541644 1.40449 -1 7439 3
0.566264 1.40015 -1 7559 3
0.590885 1.39581 -1 7679 3
0.615505 1.39147 -1 7799 3
0.640125 1.38713 -1 7919 3
0.664745 1.38279 -1 8039 3
0.689365 1.37845 -1 8159 3
0.713986 1.37411 -1 8279 3
0.738606 1.36976 -1 8399 3
0.763226 1.36542 -1 8519 3
0.787846 1.36108 -1 8639 3
0.812466 1.35674 -1 8759 3
0.837087 1.3524 -1 8879 3
0.861707 1.34806 -1 8999 3
0.886327 1.34372 -1 9119 3
0.910947 1.33938 -1 9239 3
0.935567 1.33503 -1 9359 3
0.960188 1.33069 -1 9479 3
0.984808 1.32635 -1 9599 3
1.00943 1.32201 -1 9719 3
1.03405 1.31767 -1 9839 3
1.05867 1.31333 -1 9959 3
1.08329 1.30899 -1 10079 3
1.10791 1.30465 -1 10199 3
1.13253 1.3003 -1 10319 3
1.15715 1.29596 -1 10439 3
1.18177 1.29162 -1 10559 3
1.20639 1.28728 -1 10679 3
1.23101 1.28294 -1 10799 3
1.25563 1.2786 -1 10919 3
1.28025 1.27426 -1 11039 3
1.30487 1.26992 -1 11159 3
1.32949 1.26557 -1 11279 3
1.35411 1.26123 -1 11399 3
1.37873 1.25689 -1 11519 3
1.40335 1.25255 -1 11639 3
1.42797 1.24821 -1 11759 3
1.45259 1.24387 -1 11879 3
1.47721 1.23953 -1 11999 3
1.50183 1.23519 -1 12119 3
1.52645 1.23085 -1 12239 3
1.55107 1.2265 -1 12359 3
1.57569 1.22216 -1 12479 3
1.60031 1.21782 -1 12599 3
1.62493 1.21348 -1 12719 3
1.64955 1.20914 -1 12839 3
1.67417 1.2048 -1 12959 3
1.69879 1.20046 -1 13079 3
1.72341 1.19612 -1 13199 3
1.74803 1.19177 -1 13319 3
1.77265 1.18743 -1 13439 3
1.79727 1.18309 -1 13559 3
1.82189 1.17875 -1 13679 3
1.84651 1.17441 -1 13799 3
1.87113 1.17007 -1 13919 3
1.89575 1.16573 -1 14039 3
1.92038 1.16139 -1 14159 3
1.945 1.15704 -1 14279 3
1.96962 1.1527 -1 14399 3
