0.602500 0.061995 
0.605000 0.061803 
0.607500 0.061607 
0.610000 0.061409 
0.612500 0.061207 
0.615000 0.061002 
0.617500 0.060794 
0.620000 0.060583 
0.622500 0.060368 
0.625000 0.060150 
0.627500 0.059929 
0.630000 0.059705 
0.632500 0.059479 
0.635000 0.059249 
0.637500 0.059016 
0.640000 0.058781 
0.642500 0.058543 
0.645000 0.058303 
0.647500 0.058059 
0.650000 0.057811 
0.652500 0.057560 
0.655000 0.057304 
0.657500 0.057044 
0.660000 0.056779 
0.662500 0.056508 
0.665000 0.056232 
0.667500 0.055952 
0.670000 0.055666 
0.672500 0.055376 
0.675000 0.055080 
0.677500 0.054780 
0.680000 0.054475 
0.682500 0.054166 
0.685000 0.053853 
0.687500 0.053534 
0.690000 0.053211 
0.692500 0.052884 
0.695000 0.052551 
0.697500 0.052214 
0.700000 0.051872 
0.702500 0.051526 
0.705000 0.051175 
0.707500 0.050819 
0.710000 0.050460 
0.712500 0.050096 
0.715000 0.049729 
0.717500 0.049359 
0.720000 0.048985 
0.722500 0.048608 
0.725000 0.048228 
0.727500 0.047845 
0.730000 0.047459 
0.732500 0.047070 
0.735000 0.046678 
0.737500 0.046283 
0.740000 0.045884 
0.742500 0.045482 
0.745000 0.045077 
0.747500 0.044669 
0.750000 0.044258 
0.752500 0.043844 
0.755000 0.043427 
0.757500 0.043006 
0.760000 0.042583 
0.762500 0.042157 
0.765000 0.041727 
0.767500 0.041294 
0.770000 0.040858 
0.772500 0.040419 
0.775000 0.039977 
0.777500 0.039531 
0.780000 0.039082 
0.782500 0.038629 
0.785000 0.038174 
0.787500 0.037715 
0.790000 0.037253 
0.792500 0.036789 
